# Saved on 2025-06-27T16:35:15.884099
# Name: Abir
# Sample_ID: Batch5_Sample7_F5_TPTE33
# Waveform Format: Reram
# Waveform: ReRam_Program_Evan
# VDD WGFMU: 1
# VSS WGFMU: 2
# trd: 0.0001
# pts_per_meas: 1
# Switch_Test:
#   SMU_Pair: [1, 2]
#   num_loops: 3
#   Read_Voltage: 0.1
#   Pos_Voltage: 2.5
#   Neg_Voltage: -2
#   Min_MemWindow: 1.1
#   Reset_Voltage_Step: 0.1
#   ICompSet: 0.001
#   ICompReset: 0.1
#   ICompRead: 0.1
#   SaveData: True
Set Conductance,Reset Conductance
1.8244000000e-03,1.8208000000e-03
